,DEBTOR_STATUS,DURATION,CREDIT_AMOUNT,INSTALLMENT_RATE,RESIDENCE_SINCE,AGE
DEBTOR_STATUS,1.0,0.2149,0.1547,0.0724,0.003,-0.0911
DURATION,0.2149,1.0,0.625,0.0747,0.0341,-0.0361
CREDIT_AMOUNT,0.1547,0.625,1.0,-0.2713,0.0289,0.0327
INSTALLMENT_RATE,0.0724,0.0747,-0.2713,1.0,0.0493,0.0583
RESIDENCE_SINCE,0.003,0.0341,0.0289,0.0493,1.0,0.2664
AGE,-0.0911,-0.0361,0.0327,0.0583,0.2664,1.0
