,DEBTOR_STATUS,ACCOUNT_STATUS,SAVINGS,EMPLOYMENT_SINCE,EXISTING_CREDIT,JOB,OBLIGORS
DEBTOR_STATUS,1.0,0.2278,0.0217,-0.1198,-0.0473,0.0353,-0.003
ACCOUNT_STATUS,0.2278,1.0,0.0329,-0.1192,-0.1104,-0.0413,-0.0392
SAVINGS,0.0217,0.0329,1.0,-0.022,-0.0072,-0.0429,-0.0257
EMPLOYMENT_SINCE,-0.1198,-0.1192,-0.022,1.0,0.1352,0.0787,0.0974
EXISTING_CREDIT,-0.0473,-0.1104,-0.0072,0.1352,1.0,-0.015,0.097
JOB,0.0353,-0.0413,-0.0429,0.0787,-0.015,1.0,-0.1031
OBLIGORS,-0.003,-0.0392,-0.0257,0.0974,0.097,-0.1031,1.0
